5 0.3098942173252365
6 0.5354972075380084
7 0.8503497323404482
8 1.2693267141641686
9 1.8073030754407788
10 2.4791537386018008
11 3.299753626074986
12 4.28397766020631
13 5.446700762293828
14 6.802797844805759
15 8.36714376716009
16 10.154613146827646
17 12.18007972152519
18 14.458414577472487
19 17.004481968075993
20 19.833130710315263
21 22.95917842239465
22 26.397385369299723
23 30.16241460621722
24 34.268775559573875
25 38.73074914817328
26 43.56229389844168
27 48.776934053047746
28 54.38763219585974
29 60.4066502278287
30 66.84540349153747
31 73.7143133860837
32 81.02266393030976
33 88.77846746241494
34 96.98834408176383
35 105.65741863439706
36 114.78923810961166
37 124.3857113352484
38 134.4470719040423
39 144.97186438565794
40 155.95695311484826
41 167.39755221598082
42 179.28727503538835
43 191.61820080291486
44 204.38095612266585
45 217.5648087856771
46 231.15777138679434
47 245.14671229647251
48 259.51747166783633
49 274.25498033380467
50 289.3433796538127
51 304.76614059209237
52 320.506180539196
53 336.5459766170962
54 352.8676744292832
55 369.4531914260692
56 386.284314248452
57 403.3427895893269
58 420.6104082674876
59 438.06908234744134
60 455.7009152569066
61 473.4882649547724
62 491.4138002863509
63 509.46055073130196
64 527.6119498040398
65 545.8518724082803
66 564.1646664780784
67 582.5351792587064
68 600.9487785933795
69 619.3913695874058
70 637.8494070209921
71 656.3099038767143
72 674.7604363385196
73 693.189145606876
74 711.5847368600658
75 729.9364756752522
76 748.2341822053965
77 766.4682233897686
78 784.6295034571477
79 802.7094529620477
80 820.7000165758345
81 838.5936398364714
82 856.3832550431135
83 874.0622664649751
84 891.6245350178345
85 909.0643625463875
86 926.3764758363425
87 943.5560104668068
88 960.5984946010203
89 977.4998328019352
90 994.2562899484578
91 1010.8644753183634
92 1027.3213268948582
93 1043.6240959455797
94 1059.7703319153386
95 1075.7578676671264
96 1091.584805099832
97 1107.2495011655715
98 1122.7505543046486
99 1138.0867913117456
100 1153.2572546430465
101 1168.2611901705352
102 1183.0980353866773
103 1197.7674080600102
104 1212.2690953398585
105 1226.603043306379
106 1240.7693469604076
107 1254.7682406461004
108 1268.6000888981484
109 1282.2653777042683
110 1295.7647061728521
111 1309.0987785949574
112 1322.2683968893018
113 1335.2744534184715
114 1348.117924164316
115 1360.7998622502598
116 1373.3213917981966
117 1385.6837021075648
118 1397.8880421442832
119 1409.9357153272786
120 1421.8280746005337
121 1433.5665177787212
122 1445.1524831547385
123 1456.5874453577326
124 1467.8729114504056
125 1479.010417254792
126 1490.0015238959018
127 1500.847814553031
128 1511.5508914088095
129 1522.1123727864383
130 1532.5338904658543
131 1542.8170871699635
132 1552.9636142123409
133 1562.9751292982194
134 1572.85329447083
135 1582.5997741955534
136 1592.216233574617
137 1601.7043366854061
138 1611.0657450357428
139 1620.3021161298025
140 1629.4151021386137
141 1638.4063486693635
142 1647.2774936280016
143 1656.0301661699154
144 1664.6659857336558
145 1673.1865611529918
146 1681.5934898427508
147 1689.8883570541755
148 1698.0727351956857
149 1706.148183215205
150 1714.1162460403568
151 1721.9784540730377
152 1729.736322735087
153 1737.3913520618783
154 1744.9450263409133
155 1752.3988137925526
156 1759.754166290271
157 1767.0125191178802
158 1774.1752907613663
159 1781.2438827330582
160 1788.219679426034
161 1795.104047996716
162 1801.8983382737847
163 1808.6038826916035
164 1815.2219962464526
165 1821.7539764739986
166 1828.2011034464651
167 1834.564639788104
168 1840.8458307076182
169 1847.045904046277
170 1853.1660703405391
171 1859.2075228980505
172 1865.1714378859863
173 1871.0589744307288
174 1876.871274727961
175 1882.6094641622847
176 1888.2746514355638
177 1893.8679287031996
178 1899.3903717176217
179 1904.8430399783203
180 1910.2269768877543
181 1915.5432099125908
182 1920.7927507496363
183 1925.9765954960278
184 1931.0957248231025
185 1936.1511041535528
186 1941.1436838414063
187 1946.0743993544254
188 1950.9441714585798
189 1955.753906404204
190 1960.504496113545
191 1965.1968183693905
192 1969.8317370044697
193 1974.4101020914086
194 1978.932750132952
195 1983.4005042522554
196 1987.8141743830238
197 1992.1745574593078
198 1996.4824376047688
199 2000.7385863212628
200 2004.9437626765791
201 2009.098713491187
202 2013.2041735238847
203 2017.260865656205
204 2021.2695010754783
205 2025.2307794564786
206 2029.1453891415103
207 2033.0140073189054
208 2036.8373001998364
209 2040.6159231933605
210 2044.3505210796743
211 2048.041728181496
212 2051.690168533524
213 2055.2964560499663
214 2058.861194690063
215 2062.3849786215947
216 2065.868392382338
217 2069.312011039458
218 2072.716400346803
219 2076.0821169001024
220 2079.4097082900444
221 2082.699713253226
222 2085.9526618209907
223 2089.169075466103
224 2092.3494672473207
225 2095.494341951828
226 2098.6041962355303
227 2101.6795187612474
228 2104.720790334785
229 2107.728484038916
230 2110.7030653652682
231 2113.644992344123
232 2116.5547156721814
233 2119.4326788382673
234 2122.279318247
235 2125.0950633404614
236 2127.8803367178753
237 2130.6355542533106
238 2133.3611252114342
239 2136.0574523613245
240 2138.7249320883916
241 2141.363954504403
242 2143.9749035556315
243 2146.5581571291846
244 2149.1140871575053
245 2151.6430597210724
246 2154.1454351493317
247 2156.6215681198923
248 2159.0718077559827
249 2161.4964977222285
250 2163.8959763187218
251 2166.2705765734922
252 2168.6206263332974
253 2170.946448352862
254 2173.2483603824903
255 2175.5266752541825
256 2177.7817009661658
257 2180.0137407659727
258 2182.223093232001
259 2184.4100523536335
260 2186.574907609933
261 2188.717944046915
262 2190.839442353432
263 2192.9396789357124
264 2195.018925990548
265 2197.0774515771604
266 2199.115519687785
267 2201.1333903169702
268 2203.1313195296384
269 2205.1095595279066
270 2207.0683587167086
271 2209.0079617682172
272 2210.9286096851283
273 2212.8305398627654
274 2214.713986150089
275 2216.5791789095792
276 2218.426345076053
277 2220.2557082144062
278 2222.0674885763055
279 2223.861903155864
280 2225.639165744298
281 2227.399486983607
282 2229.143074419267
283 2230.870132551978
284 2232.5808628884706
285 2234.275463991406
286 2235.9541315283545
287 2237.617058319899
288 2239.264434386864
289 2240.896446996705
290 2242.5132807090376
291 2244.115117420366
292 2245.7021364079906
293 2247.274514373136
294 2248.83242548329
295 2250.3760414137882
296 2251.905531388646
297 2253.421062220667
298 2254.9227983508163
299 2256.410901886898
300 2257.885532641533
301 2259.346848169465
302 2260.7950038041854
303 2262.2301526939177
304 2263.6524458369477
305 2265.062032116332
306 2266.4590583339786
307 2267.8436692441383
308 2269.2160075862666
309 2270.5762141173445
310 2271.924427643588
311 2273.2607850516247
312 2274.5854213390894
313 2275.898469644709
314 2277.2000612778347
315 2278.4903257474557
316 2279.769390790706
317 2281.037382400876
318 2282.2944248549143
319 2283.540640740461
320 2284.776150982399
321 2286.0010748689515
322 2287.215530077304
323 2288.4196326987935
324 2289.6134972636614
325 2290.797236765356
326 2291.970962684437
327 2293.1347850120446
328 2294.2888122729682
329 2295.4331515483227
330 2296.567908497821
331 2297.693187381668
332 2298.80909108208
333 2299.9157211244224
334 2301.0131776980006
335 2302.101559676469
336 2303.1809646379256
337 2304.2514888846254
338 2305.313227462379
339 2306.3662741796197
340 2307.410721626133
341 2308.4466611914827
342 2309.4741830831094
343 2310.4933763441286
344 2311.504328870839
345 2312.507127429909
346 2313.5018576752936
347 2314.488604164866
348 2315.4674503767487
349 2316.438478725401
350 2317.4017705774095
351 2318.357406267024
352 2319.305465111446
353 2320.24602542584
354 2321.1791645381045
355 2322.1049588034066
356 2323.02348361846
357 2323.9348134355696
358 2324.8390217764545
359 2325.7361812458307
360 2326.62636354477
361 2327.509639483849
362 2328.386078996067
363 2329.2557511495675
364 2330.1187241601383
365 2330.975065403514
366 2331.8248414274726
367 2332.6681179637453
368 2333.5049599397207
369 2334.335431489954
370 2335.1595959675133
371 2335.9775159551205
372 2336.78925327612
373 2337.5948690052596
374 2338.3944234793216
375 2339.187976307564
376 2339.97558638199
377 2340.757311887471
378 2341.533210311693
379 2342.303338454944
380 2343.0677524397634
381 2343.8265077204173
382 2344.5796590922196
383 2345.327260700734
384 2346.0693660507977
385 2346.806028015429
386 2347.5372988445733
387 2348.2632301737176
388 2348.9838730323836
389 2349.6992778524645
390 2350.4094944764483
391 2351.1145721655007
392 2351.8145596074396
393 2352.509504924559
394 2353.1994556813524
395 2353.8844588921065
396 2354.5645610283837
397 2355.2398080263815
398 2355.910245294179
399 2356.5759177188784
400 2357.236869673633
401 2357.8931450245555
402 2358.5447871375472
403 2359.1918388849913
404 2359.834342652368
405 2360.472340344755
406 2361.105873393237
407 2361.7349827612034
408 2362.359708950582
409 2362.980092007932
410 2363.59617153049
411 2364.20798667209
412 2364.8155761490193
413 2365.418978245769
414 2366.0182308207077
415 2366.6133713116665
416 2367.2044367414373
417 2367.791463723202
418 2368.374488465857
419 2368.9535467792857
420 2369.5286740795314
421 2370.099905393908
422 2370.6672753660177
423 2371.230818260716
424 2371.7905679689934
425 2372.3465580127695
426 2372.898821549646
427 2373.447391377571
428 2373.9922999394394
429 2374.5335793276226
430 2375.0712612884427
431 2375.6053772265623
432 2376.135958209327
433 2376.6630349710517
434 2377.1866379172125
435 2377.7067971286124
436 2378.223542365463
437 2378.736903071429
438 2379.2469083775886
439 2379.7535871063637
440 2380.2569677753636
441 2380.757078601212
442 2381.253947503275
443 2381.747602107383
444 2382.2380697494514
445 2382.725377479089
446 2383.2095520631356
447 2383.6906199891528
448 2384.1686074688623
449 2384.643540441551
450 2385.115444577402
451 2385.5843452808026
452 2386.0502676935935
453 2386.513236698276
454 2386.973276921172
455 2387.4304127355376
456 2387.8846682646536
457 2388.3360673848306
458 2388.7846337284154
459 2389.230390686741
460 2389.6733614130158
461 2390.1135688252034
462 2390.5510356088503
463 2390.985784219855
464 2391.4178368872485
465 2391.8472156158755
466 2392.273942189081
467 2392.6980381713543
468 2393.119524910914
469 2393.5384235422907
470 2393.9547549888493
471 2394.3685399652813
472 2394.7797989800783
473 2395.1885523379565
474 2395.594820142241
475 2395.998622297256
476 2396.399978510628
477 2396.798908295607
478 2397.1954309733255
479 2397.589565675042
480 2397.98133134435
481 2398.370746739355
482 2398.757830434822
483 2399.1426008243125
484 2399.5250761222587
485 2399.905274366038
486 2400.283213418019
487 2400.6589109675556
488 2401.0323845329867
489 2401.4036514635904
490 2401.7727289415116
491 2402.1396339836706
492 2402.504383443659
493 2402.866994013578
494 2403.2274822258814
495 2403.585864455185
496 2403.9421569200485
497 2404.2963756847457
498 2404.648536660995
499 2404.998655609678
