5 0.30989421732523564
6 0.5354972075380077
7 0.8503497323404474
8 1.2693267141641669
9 1.8073030754407755
10 2.4791537386018048
11 3.2997536260751694
12 4.283977660210193
13 5.446700762344369
14 6.802797845256248
15 8.367143770130912
16 10.154613162173131
17 12.180079786379059
18 14.458414809454675
19 17.004482689399424
20 19.833132702000476
21 22.95918339070371
22 26.397396724762384
23 30.162438663638884
24 34.26882326127758
25 38.730838391346516
26 43.562452512692694
27 48.77720343035583
28 54.38807152748701
29 60.407341257037
30 66.84645565188326
31 73.71586916601473
32 81.02490428755121
33 88.78161710648946
34 96.9926764490179
35 105.66326039532633
36 114.7969730708578
37 124.39578362596062
38 134.45998836609238
39 144.9881961174333
40 155.9773361473763
41 167.42268732671727
42 179.31792672826904
43 191.65519550275542
44 204.42517964745554
45 217.6172031718577
46 231.21933115041108
47 245.21848021750395
48 259.6005341864801
49 274.3504626464438
50 289.45244059331657
51 304.88996737241007
52 320.6459834383361
53 336.70298366588815
54 353.0431261661331
55 369.64833577048813
56 386.5004015387256
57 403.5810678224439
58 420.8721185725074
59 438.3554547169705
60 456.01316455532174
61 473.8275872163378
62 491.78136931143086
63 509.8575149844858
64 528.0394296141691
65 546.3109574670686
66 564.6564136312077
67 583.0606105809443
68 601.5088797373808
69 619.987088394343
70 638.481652379994
71 656.9795448192808
72 675.4683013534798
73 693.9360221611809
74 712.3713711105506
75 730.7635723566005
76 749.1024046797297
77 767.3781938436371
78 785.5818032321139
79 803.7046230055918
80 821.7385579998569
81 839.6760145713179
82 857.5098865756637
83 875.2335406500321
84 892.8408009527092
85 910.3259334992588
86 927.6836302196299
87 944.9089928474663
88 961.9975167402922
89 978.9450747176938
90 995.7479009939083
91 1012.4025752713947
92 1028.9060070528888
93 1045.2554202212411
94 1061.448337928826
95 1077.4825678314962
96 1093.3561876959263
97 1109.0675314036557
98 1124.6151753702018
99 1139.9979253931913
100 1155.2148039394958
101 1170.2650378779304
102 1185.1480466609382
103 1199.8634309560857
104 1214.4109617257466
105 1228.7905697513888
106 1243.0023355971516
107 1257.0464800058073
108 1270.923354719073
109 1284.6334337130852
110 1298.1773048390494
111 1311.5556618583332
112 1324.7692968607564
113 1337.8190930543856
114 1350.7060179148389
115 1363.4311166819584
116 1375.9955061914675
117 1388.4003690293575
118 1400.646947996634
119 1412.7365408722555
120 1424.6704954621575
121 1436.450204922501
122 1448.077103345417
123 1459.552661595911
124 1470.878383388666
125 1482.0558015939691
126 1493.086474762175
127 1503.971983856446
128 1514.7139291839042
129 1525.3139275155795
130 1535.7736093859464
131 1546.094616563107
132 1556.2785996810942
133 1566.3272160260108
134 1576.2421274681428
135 1586.0249985324447
136 1595.6774946000962
137 1605.2012802342647
138 1614.5980176233118
139 1623.8693651351946
140 1633.016975976909
141 1642.0424969532403
142 1650.947567319267
143 1659.733817721396
144 1668.4028692218812
145 1676.9563324020785
146 1685.39580653991
147 1693.722878857217
148 1701.939123832903
149 1710.0461025780226
150 1718.0453622690338
151 1725.9384356358305
152 1733.7268405011328
153 1741.4120793681514
154 1748.995639053516
155 1756.4789903626618
156 1763.8635878049727
157 1771.1508693461817
158 1778.3422561956227
159 1785.4391526260588
160 1792.4429458239765
161 1799.3550057682746
162 1806.1766851355096
163 1812.9093192298064
164 1819.5542259358315
165 1826.1127056931275
166 1832.5860414903495
167 1838.975498877964
168 1845.2823259980685
169 1851.5077536300237
170 1857.6529952507801
171 1863.7192471086848
172 1869.7076883097695
173 1875.6194809155234
174 1881.4557700511514
175 1887.21768402353
176 1892.9063344479346
177 1898.522816382867
178 1904.0682084721345
179 1909.543573093591
180 1914.9499565138576
181 1920.288389048421
182 1925.559885226544
183 1930.7654439604662
184 1935.9060487183976
185 1940.9826677008427
186 1945.9962540198085
187 1950.9477458805122
188 1955.8380667652139
189 1960.6681256187806
190 1965.4388170356817
191 1970.1510214481573
192 1974.805605315167
193 1979.403421311935
194 1983.9453085198409
195 1988.432092616375
196 1992.86458606501
197 1997.2435883047488
198 2001.569885939188
199 2005.8442529249112
200 2010.0674507590759
201 2014.2402286660592
202 2018.3633237829886
203 2022.4374613440891
204 2026.4633548636996
205 2030.4417063178812
206 2034.3732063245018
207 2038.2585343217759
208 2042.098358745052
209 2045.8933372019596
210 2049.6441166457043
211 2053.3513335465213
212 2057.015614061248
213 2060.637574200947
214 2064.2178199965483
215 2067.7569476624826
216 2071.255543758282
217 2074.714185348122
218 2078.1334401582685
219 2081.5138667324463
220 2084.856014585091
221 2088.1604243524744
222 2091.4276279417345
223 2094.6581486777422
224 2097.85250144787
225 2101.0111928446313
226 2104.1347213061763
227 2107.223577254709
228 2110.2782432327635
229 2113.299194037402
230 2116.2868968523335
231 2119.2418113779386
232 2122.164389959241
233 2125.055077711859
234 2127.9143126458944
235 2130.742525787852
236 2133.540141300517
237 2136.3075766009165
238 2139.045242476297
239 2141.7535431981773
240 2144.4328766344825
241 2147.0836343598316
242 2149.7062017639
243 2152.300958157985
244 2154.8682768797426
245 2157.4085253961175
246 2159.9220654045016
247 2162.4092529321724
248 2164.870438433959
249 2167.3059668882693
250 2169.716177891367
251 2172.1014057500756
252 2174.461979572805
253 2176.7982233589823
254 2179.1104560869203
255 2181.3989918001253
256 2183.6641396920622
257 2185.906204189436
258 2188.125485033977
259 2190.3222773627654
260 2192.496871787138
261 2194.6495544701684
262 2196.780607202757
263 2198.890307478373
264 2200.9789285664456
265 2203.0467395844307
266 2205.0940055685865
267 2207.120987543486
268 2209.1279425902394
269 2211.1151239135347
270 2213.0827809074394
271 2215.031159220007
272 2216.960500816747
273 2218.8710440429118
274 2220.763023684698
275 2222.636671029276
276 2224.492213923828
277 2226.3298768334153
278 2228.1498808978813
279 2229.9524439876845
280 2231.7377807587022
281 2233.5061027061124
282 2235.2576182172143
283 2236.992532623365
284 2238.711048250928
285 2240.413364471334
286 2242.0996777502164
287 2243.7701816956574
288 2245.4250671055925
289 2247.0645220143165
290 2248.68873173818
291 2250.2978789204535
292 2251.892143575384
293 2253.471703131457
294 2255.0367324738713
295 2256.5874039862747
296 2258.123887591711
297 2259.6463507928834
298 2261.1549587116356
299 2262.649874127772
300 2264.1312575171587
301 2265.5992670891555
302 2267.0540588233657
303 2268.4957865057413
304 2269.924601764026
305 2271.340654102603
306 2272.7440909366587
307 2274.135057625821
308 2275.513697507114
309 2276.880151927407
310 2278.234560275215
311 2279.5770600119904
312 2280.907786702834
313 2282.226874046681
314 2283.534453905923
315 2284.8306563355422
316 2286.11560961171
317 2287.3894402598994
318 2288.6522730824786
319 2289.904231185851
320 2291.145436007091
321 2292.3760073401495
322 2293.5960633615405
323 2294.80572065565
324 2296.005094239553
325 2297.1942975874363
326 2298.3734426545525
327 2299.5426399007915
328 2300.701998313841
329 2301.8516254319356
330 2302.991627366204
331 2304.122108822664
332 2305.2431731237934
333 2306.3549222297697
334 2307.457456759327
335 2308.5508760102393
336 2309.6352779794906
337 2310.710759383069
338 2311.777415675417
339 2312.8353410686022
340 2313.884628551083
341 2314.9253699062233
342 2315.9576557304504
343 2316.981575451133
344 2317.997217344136
345 2319.004668551088
346 2320.0040150963537
347 2320.995341903725
348 2321.978732812829
349 2322.954270595262
350 2323.922036970444
351 2324.8821126212174
352 2325.83457720919
353 2326.7795093898026
354 2327.716986827161
355 2328.6470862086258
356 2329.569883259147
357 2330.485452755354
358 2331.393868539433
359 2332.2952035327753
360 2333.1895297493743
361 2334.076918309035
362 2334.957439450337
363 2335.83116254339
364 2336.6981561024186
365 2337.5584877980873
366 2338.412224469642
367 2339.2594321368824
368 2340.1001760118957
369 2340.934520510622
370 2341.762529264245
371 2342.5842651303665
372 2343.3997902040333
373 2344.2091658285426
374 2345.0124526061386
375 2345.8097104084654
376 2346.6009983869058
377 2347.386374982723
378 2348.165897937062
379 2348.9396243007695
380 2349.7076104440744
381 2350.469912066106
382 2351.2265842042693
383 2351.9776812434516
384 2352.723256925112
385 2353.4633643562015
386 2354.1980560179613
387 2354.927383774559
388 2355.651398881628
389 2356.3701519946303
390 2357.083693177109
391 2357.792071908815
392 2358.4953370937073
393 2359.193537067803
394 2359.886719606943
395 2360.5749319344104
396 2361.258220728448
397 2361.936632129632
398 2362.6102117481673
399 2363.279004671065
400 2363.9430554691553
401 2364.6024082040767
402 2365.2571064350946
403 2365.9071932258453
404 2366.5527111509723
405 2367.193702302635
406 2367.8302082969803
407 2368.4622702804345
408 2369.0899289359763
409 2369.7132244892537
410 2370.3321967146508
411 2370.9468849412397
412 2371.5573280586527
413 2372.1635645228635
414 2372.7656323618726
415 2373.3635691813297
416 2373.9574121700534
417 2374.54719810546
418 2375.132963358951
419 2375.71474390117
420 2376.2925753072145
421 2376.8664927617624
422 2377.4365310641188
423 2378.002724633189
424 2378.5651075123924
425 2379.123713374471
426 2379.678575526261
427 2380.2297269133796
428 2380.7772001248386
429 2381.3210273976038
430 2381.8612406210777
431 2382.3978713415145
432 2382.93095076638
433 2383.46050976865
434 2383.986578891017
435 2384.5091883500972
436 2385.0283680405014
437 2385.544147538903
438 2386.056556108031
439 2386.5656227006034
440 2387.0713759631767
441 2387.573844240011
442 2388.0730555768073
443 2388.569037724434
444 2389.061818142573
445 2389.551424003343
446 2390.037882194854
447 2390.521219324692
448 2391.0014617234133
449 2391.478635447922
450 2391.952766284832
451 2392.4238797538096
452 2392.8920011107934
453 2393.3571553512484
454 2393.819367213331
455 2394.2786611810147
456 2394.7350614871852
457 2395.1885921166804
458 2395.6392768092846
459 2396.0871390627062
460 2396.5322021354705
461 2396.9744890498255
462 2397.414022594561
463 2397.8508253278255
464 2398.2849195798585
465 2398.7163274557474
466 2399.1450708380926
467 2399.571171389646
468 2399.9946505559697
469 2400.4155295679475
470 2400.8338294443797
471 2401.249570994469
472 2401.6627748202873
473 2402.0734613192376
474 2402.4816506864286
475 2402.8873629170866
476 2403.290617808862
477 2403.6914349641543
478 2404.0898337924123
479 2404.485833512338
480 2404.8794531541485
481 2405.2707115617422
482 2405.659627394855
483 2406.046219131209
484 2406.4305050686075
485 2406.812503326994
486 2407.1922318505317
487 2407.5697084095905
488 2407.9449506027645
489 2408.317975858822
490 2408.688801438663
491 2409.057444437214
492 2409.423921785341
493 2409.7882502517
494 2410.150446444584
495 2410.5105268137418
496 2410.8685076521638
497 2411.2244050978584
498 2411.578235135605
499 2411.930013598655
